
  (1 1 0 0 1 1 0 0 1 1 0 0 2 2)
  (1 1 0 0 1 1 0 0 1 1 0 0 2 2)
  (0 0 1 1 0 0 1 1 0 0 2 2 0 0)
  (0 0 1 1 0 0 1 1 0 0 2 2 0 0)
  (1 1 0 0 2 2 0 0 2 2 0 0 0 0)
  (1 1 0 0 2 2 0 0 2 2 0 0 0 0)
  (0 0 1 1 0 0 2 2 0 0 0 0 0 0)
  (0 0 1 1 0 0 2 2 0 0 0 0 0 0)
  (1 1 0 0 2 2 0 0 2 2 0 0 0 0)
  (1 1 0 0 2 2 0 0 2 2 0 0 0 0)
  (0 0 2 2 0 0 0 0 0 0 0 0 0 0)
  (0 0 2 2 0 0 0 0 0 0 0 0 0 0)
  (2 2 0 0 0 0 0 0 0 0 0 0 0 0)
  (2 2 0 0 0 0 0 0 0 0 0 0 0 0)

  -Pecas pequenas: 10
  -Pecas medias: 2
  -Pecas em cruz: 15

  -Profundidade da solucao: 8
  -Heuristica do no objetivo: 0
  -Custo do no-objetivo: 8

  -Nos expandidos: 48
  -Nos gerados: 247
  -Tempo de Execucao: 0 segundo(s)
  -Penetrancia: 0.032388665
  -Fator de Ramificacao: 1.78125
----------------------------------------------------------------------------------
----------------------------------------------------------------------------------

  (0 0 0 0 2 2 0 0 2 0 2 0 2 0)
  (0 0 0 0 2 2 0 2 2 2 0 2 2 2)
  (0 0 0 2 0 0 2 0 2 0 2 0 2 0)
  (0 2 2 0 0 2 2 2 0 2 2 2 0 2)
  (0 2 2 0 2 0 2 0 2 0 2 0 2 0)
  (0 0 0 2 2 2 0 2 2 2 0 2 2 2)
  (0 2 2 0 2 0 2 0 2 0 2 0 2 0)
  (0 2 2 0 0 2 2 2 0 2 2 2 0 2)
  (0 0 0 0 2 0 2 0 2 0 2 0 2 0)
  (0 0 0 2 2 2 0 2 2 2 0 2 2 2)
  (0 1 2 1 2 1 2 0 2 0 2 0 2 0)
  (1 2 2 2 1 2 2 2 0 2 2 2 0 0)
  (0 1 2 1 2 0 2 0 2 0 2 0 2 2)
  (1 0 1 2 1 2 0 2 0 2 0 0 2 2)

  -Pecas pequenas: 0
  -Pecas medias: 10
  -Pecas em cruz: 15

  -Profundidade da solucao: 1
  -Heuristica do no objetivo: -26
  -Custo do no-objetivo: -25

  -Nos expandidos: 1
  -Nos gerados: 8
  -Tempo de Execucao: 0 segundo(s)
  -Penetrancia: 0.125
  -Fator de Ramificacao: 8.09375
----------------------------------------------------------------------------------
----------------------------------------------------------------------------------

  (1 2 0 0 2 2 0 0 2 0 0 0 2 2)
  (2 2 2 0 2 2 0 2 2 2 0 0 2 2)
  (0 2 0 2 0 0 2 0 2 0 2 2 0 0)
  (0 0 2 2 2 0 0 0 0 0 2 2 0 0)
  (2 2 0 2 0 2 0 0 0 0 0 0 0 0)
  (2 2 0 0 2 2 2 0 0 0 0 0 0 0)
  (0 0 2 0 0 2 0 0 0 0 0 0 0 0)
  (0 2 2 2 0 0 2 0 2 0 0 0 2 0)
  (0 0 2 0 0 0 0 2 2 2 0 2 2 2)
  (0 2 0 2 0 0 0 0 2 0 2 0 2 0)
  (0 0 2 2 2 0 0 0 0 2 2 2 0 0)
  (0 2 0 2 0 2 0 0 0 0 2 0 0 0)
  (2 2 2 0 2 2 2 0 0 0 0 0 0 0)
  (0 2 0 0 0 2 0 0 0 0 0 0 0 0)

  -Pecas pequenas: 9
  -Pecas medias: 10
  -Pecas em cruz: 15

  -Profundidade da solucao: 1
  -Heuristica do no objetivo: 46
  -Custo do no-objetivo: 47

  -Nos expandidos: 1
  -Nos gerados: 4
  -Tempo de Execucao: 0 segundo(s)
  -Penetrancia: 0.25
  -Fator de Ramificacao: 4.09375
----------------------------------------------------------------------------------
----------------------------------------------------------------------------------
