
  (1 1 0 0 1 1 0 0 1 1 0 0 2 2)
  (1 1 0 0 1 1 0 0 1 1 0 0 2 2)
  (0 0 1 1 0 0 1 1 0 0 2 2 0 0)
  (0 0 1 1 0 0 1 1 0 0 2 2 0 0)
  (1 1 0 0 2 2 0 0 2 2 0 0 0 0)
  (1 1 0 0 2 2 0 0 2 2 0 0 0 0)
  (0 0 1 1 0 0 2 2 0 0 0 0 0 0)
  (0 0 1 1 0 0 2 2 0 0 0 0 0 0)
  (1 1 0 0 2 2 0 0 2 2 0 0 0 0)
  (1 1 0 0 2 2 0 0 2 2 0 0 0 0)
  (0 0 2 2 0 0 0 0 0 0 0 0 0 0)
  (0 0 2 2 0 0 0 0 0 0 0 0 0 0)
  (2 2 0 0 0 0 0 0 0 0 0 0 0 0)
  (2 2 0 0 0 0 0 0 0 0 0 0 0 0)

  -Pecas pequenas: 10
  -Pecas medias: 2
  -Pecas em cruz: 15

  -Profundidade da solucao: 8
  -Heuristica do no objetivo: 0
  -Custo do no-objetivo: 8

  -Nos expandidos: 48
  -Nos gerados: 247
  -Tempo de Execucao: 0 segundo(s)
  -Penetrancia: 0.032388665
  -Fator de Ramificacao: 1.8013954
----------------------------------------------------------------------------------
----------------------------------------------------------------------------------

  (1 1 0 0 1 1 0 0 1 1 0 0 2 2)
  (1 1 0 0 1 1 0 0 1 1 0 0 2 2)
  (0 0 1 1 0 0 1 1 0 0 2 2 0 0)
  (0 0 1 1 0 0 1 1 0 0 2 2 0 0)
  (1 1 0 0 2 2 0 0 2 2 0 0 0 0)
  (1 1 0 0 2 2 0 0 2 2 0 0 0 0)
  (0 0 1 1 0 0 2 2 0 0 0 0 0 0)
  (0 0 1 1 0 0 2 2 0 0 0 0 0 0)
  (1 1 0 0 2 2 0 0 2 2 0 0 0 0)
  (1 1 0 0 2 2 0 0 2 2 0 0 0 0)
  (0 0 2 2 0 0 0 0 0 0 0 0 0 0)
  (0 0 2 2 0 0 0 0 0 0 0 0 0 0)
  (2 2 0 0 0 0 0 0 0 0 0 0 0 0)
  (2 2 0 0 0 0 0 0 0 0 0 0 0 0)

  -Pecas pequenas: 10
  -Pecas medias: 2
  -Pecas em cruz: 15

  -Profundidade da solucao: 8
  -Heuristica do no objetivo: 0
  -Custo do no-objetivo: 8

  -Nos expandidos: 88
  -Nos gerados: 431
  -Tempo de Execucao: 0 segundo(s)
  -Penetrancia: 0.018561485
  -Fator de Ramificacao: 1.9525566
----------------------------------------------------------------------------------
----------------------------------------------------------------------------------

  (1 1 0 0 0 0 1 0 0 0 1 1 2 2)
  (1 1 0 1 0 1 1 1 0 0 1 1 2 2)
  (0 0 1 1 1 0 1 0 1 1 2 2 1 1)
  (0 1 0 1 0 0 0 0 1 1 2 2 1 1)
  (1 1 1 0 2 2 1 1 2 2 1 1 0 0)
  (0 1 0 1 2 2 1 1 2 2 1 1 0 0)
  (0 0 1 1 1 0 2 2 1 1 0 0 1 0)
  (0 1 0 1 0 0 2 2 1 1 0 1 1 1)
  (1 1 1 0 2 2 1 0 2 2 1 0 1 0)
  (0 1 0 1 2 2 0 1 2 2 0 1 0 1)
  (1 0 2 2 1 0 1 0 1 0 1 1 1 0)
  (0 1 2 2 0 1 1 1 0 1 0 1 0 0)
  (2 2 0 1 1 0 1 0 1 1 1 0 1 1)
  (2 2 0 1 1 0 0 1 0 1 0 0 1 1)

  -Pecas pequenas: 0
  -Pecas medias: 1
  -Pecas em cruz: 6

  -Profundidade da solucao: 28
  -Heuristica do no objetivo: -58
  -Custo do no-objetivo: -30

  -Nos expandidos: 28
  -Nos gerados: 559
  -Tempo de Execucao: 0 segundo(s)
  -Penetrancia: 0.050089445
  -Fator de Ramificacao: 1.1707039
----------------------------------------------------------------------------------
----------------------------------------------------------------------------------

  (1 1 0 0 1 1 0 0 1 1 0 0 2 2)
  (1 1 0 0 1 1 0 0 1 1 0 0 2 2)
  (0 0 1 1 0 0 1 1 0 0 2 2 0 0)
  (0 0 1 1 0 0 1 1 0 0 2 2 0 0)
  (1 1 0 0 2 2 0 0 2 2 0 0 0 0)
  (1 1 0 0 2 2 0 0 2 2 0 0 0 0)
  (0 0 1 1 0 0 2 2 0 0 0 0 0 0)
  (0 0 1 1 0 0 2 2 0 0 0 0 0 0)
  (1 1 0 0 2 2 0 0 2 2 0 0 0 0)
  (1 1 0 0 2 2 0 0 2 2 0 0 0 0)
  (0 0 2 2 0 0 0 0 0 0 0 0 0 0)
  (0 0 2 2 0 0 0 0 0 0 0 0 0 0)
  (2 2 0 0 0 0 0 0 0 0 0 0 0 0)
  (2 2 0 0 0 0 0 0 0 0 0 0 0 0)

  -Pecas pequenas: 10
  -Pecas medias: 2
  -Pecas em cruz: 15

  -Profundidade da solucao: 8
  -Heuristica do no objetivo: 0
  -Custo do no-objetivo: 8

  -Nos expandidos: 48
  -Nos gerados: 247
  -Tempo de Execucao: 0 segundo(s)
  -Penetrancia: 0.032388665
  -Fator de Ramificacao: 1.8013954
----------------------------------------------------------------------------------
----------------------------------------------------------------------------------
