
  (1 0 1 0 2 2 0 0 2 0 2 0)
  (0 1 1 1 2 2 0 2 2 2 0 2)
  (0 0 1 2 0 0 2 0 2 0 2 0)
  (0 2 2 0 0 2 2 2 0 2 2 2)
  (0 2 2 0 0 0 2 0 2 0 2 0)
  (0 0 0 1 0 0 0 2 2 2 0 2)
  (0 0 1 1 1 0 2 0 2 0 2 0)
  (0 0 0 1 0 2 2 2 0 2 2 2)
  (0 0 1 0 2 0 2 0 2 0 2 0)
  (0 0 0 2 2 2 0 2 2 2 0 2)
  (0 0 2 1 2 1 2 0 2 0 2 0)
  (1 2 2 2 1 2 2 2 0 2 2 2)
  (0 1 2 1 2 0 2 0 2 0 2 0)
  (1 0 0 2 0 2 0 2 0 2 0 0)
  (0 0 0 2 0 2 0 2 0 2 0 0)
  (1 0 1 2 1 2 0 2 0 2 0 0)

  -Pecas pequenas: -2
  -Pecas medias: 10
  -Pecas em cruz: 13

  -Profundidade da solucao: 2
  -Heuristica do no objetivo: 0
  -Custo do no-objetivo: 2

  -Nos expandidos: 2
  -Nos gerados: 8
  -Tempo de Execucao: 0 segundo(s)
  -Penetrancia: 0.25
  -Fator de Ramificacao: 2.3722802
----------------------------------------------------------------------------------
----------------------------------------------------------------------------------

  (1 0 1 0 2 2 0 0 2 0 2 0)
  (0 1 1 1 2 2 0 2 2 2 0 2)
  (0 0 1 2 0 0 2 0 2 0 2 0)
  (0 2 2 0 0 2 2 2 0 2 2 2)
  (0 2 2 0 0 0 2 0 2 0 2 0)
  (0 0 0 1 0 0 0 2 2 2 0 2)
  (0 0 1 1 1 0 2 0 2 0 2 0)
  (0 0 0 1 0 2 2 2 0 2 2 2)
  (0 0 1 0 2 0 2 0 2 0 2 0)
  (0 0 0 2 2 2 0 2 2 2 0 2)
  (0 0 2 1 2 1 2 0 2 0 2 0)
  (1 2 2 2 1 2 2 2 0 2 2 2)
  (0 1 2 1 2 0 2 0 2 0 2 0)
  (1 0 0 2 0 2 0 2 0 2 0 0)
  (0 0 0 2 0 2 0 2 0 2 0 0)
  (1 0 1 2 1 2 0 2 0 2 0 0)

  -Pecas pequenas: -2
  -Pecas medias: 10
  -Pecas em cruz: 13

  -Profundidade da solucao: 2
  -Heuristica do no objetivo: 0
  -Custo do no-objetivo: 2

  -Nos expandidos: 2
  -Nos gerados: 8
  -Tempo de Execucao: 0 segundo(s)
  -Penetrancia: 0.25
  -Fator de Ramificacao: 2.3722802
----------------------------------------------------------------------------------
----------------------------------------------------------------------------------

  (1 0 1 0 2 2 0 0 2 0 2 0)
  (0 1 0 1 2 2 0 2 2 2 0 2)
  (1 0 1 2 1 0 2 0 2 0 2 0)
  (0 2 2 1 0 2 2 2 0 2 2 2)
  (0 2 2 0 1 0 2 0 2 0 2 0)
  (0 1 0 1 0 0 0 2 2 2 0 2)
  (1 1 1 0 0 0 2 0 2 0 2 0)
  (0 1 0 0 0 2 2 2 0 2 2 2)
  (0 0 0 0 2 0 2 0 2 0 2 0)
  (0 0 0 2 2 2 0 2 2 2 0 2)
  (0 0 2 0 2 0 2 0 2 0 2 0)
  (0 2 2 2 0 2 2 2 0 2 2 2)
  (0 0 2 0 2 0 2 0 2 0 2 0)
  (0 0 0 2 0 2 0 2 0 2 0 0)
  (0 0 0 2 0 2 0 2 0 2 0 0)
  (0 0 0 2 0 2 0 2 0 2 0 0)

  -Pecas pequenas: 0
  -Pecas medias: 10
  -Pecas em cruz: 14

  -Profundidade da solucao: 7
  -Heuristica do no objetivo: 0
  -Custo do no-objetivo: 7

  -Nos expandidos: 25
  -Nos gerados: 147
  -Tempo de Execucao: 0 segundo(s)
  -Penetrancia: 0.04761905
  -Fator de Ramificacao: 1.8251152
----------------------------------------------------------------------------------
----------------------------------------------------------------------------------

  (0 0 0 0 2 2 0 0 2 0 2 0 2 0)
  (0 0 0 0 2 2 0 2 2 2 0 2 2 2)
  (0 0 0 2 0 0 2 0 2 0 2 0 2 0)
  (0 2 2 0 0 2 2 2 0 2 2 2 0 2)
  (0 2 2 0 2 0 2 0 2 0 2 0 2 0)
  (0 0 0 2 2 2 0 2 2 2 0 2 2 2)
  (0 2 2 0 2 0 2 0 2 0 2 0 2 0)
  (0 2 2 0 0 2 2 2 0 2 2 2 0 2)
  (0 0 0 0 2 0 2 0 2 0 2 0 2 0)
  (0 0 0 2 2 2 0 2 2 2 0 2 2 2)
  (0 1 2 1 2 1 2 0 2 0 2 0 2 0)
  (1 2 2 2 1 2 2 2 0 2 2 2 0 0)
  (0 1 2 1 2 0 2 0 2 0 2 0 2 2)
  (1 0 1 2 1 2 0 2 0 2 0 0 2 2)

  -Pecas pequenas: 0
  -Pecas medias: 10
  -Pecas em cruz: 15

  -Profundidade da solucao: 1
  -Heuristica do no objetivo: -26
  -Custo do no-objetivo: -25

  -Nos expandidos: 1
  -Nos gerados: 8
  -Tempo de Execucao: 0 segundo(s)
  -Penetrancia: 0.125
  -Fator de Ramificacao: 8.000011
----------------------------------------------------------------------------------
----------------------------------------------------------------------------------

  (1 1 0 0 1 1 0 0 1 1 0 0 2 2)
  (1 1 0 0 1 1 0 0 1 1 0 0 2 2)
  (0 0 1 1 0 0 1 1 0 0 2 2 0 0)
  (0 0 1 1 0 0 1 1 0 0 2 2 0 0)
  (1 1 0 0 2 2 0 0 2 2 0 0 0 0)
  (1 1 0 0 2 2 0 0 2 2 0 0 0 0)
  (0 0 1 1 0 0 2 2 0 0 0 0 0 0)
  (0 0 1 1 0 0 2 2 0 0 0 0 0 0)
  (1 1 0 0 2 2 0 0 2 2 0 0 0 0)
  (1 1 0 0 2 2 0 0 2 2 0 0 0 0)
  (0 0 2 2 0 0 0 0 0 0 0 0 0 0)
  (0 0 2 2 0 0 0 0 0 0 0 0 0 0)
  (2 2 0 0 0 0 0 0 0 0 0 0 0 0)
  (2 2 0 0 0 0 0 0 0 0 0 0 0 0)

  -Pecas pequenas: 10
  -Pecas medias: 2
  -Pecas em cruz: 15

  -Profundidade da solucao: 8
  -Heuristica do no objetivo: 0
  -Custo do no-objetivo: 8

  -Nos expandidos: 48
  -Nos gerados: 247
  -Tempo de Execucao: 0 segundo(s)
  -Penetrancia: 0.032388665
  -Fator de Ramificacao: 1.8013954
----------------------------------------------------------------------------------
----------------------------------------------------------------------------------

  (1 0 0 0 2 2 0 0 2 0 2 0)
  (0 1 0 0 2 2 0 2 2 2 0 2)
  (0 0 1 2 1 0 2 0 2 0 2 0)
  (0 2 2 1 0 2 2 2 0 2 2 2)
  (0 2 2 0 1 0 2 0 2 0 2 0)
  (0 1 0 1 0 0 0 2 2 2 0 2)
  (0 0 1 0 0 0 2 0 2 0 2 0)
  (0 1 0 0 0 2 2 2 0 2 2 2)
  (0 0 0 0 2 0 2 0 2 0 2 0)
  (0 0 0 2 2 2 0 2 2 2 0 2)
  (0 0 2 0 2 0 2 0 2 0 2 0)
  (0 2 2 2 0 2 2 2 0 2 2 2)
  (0 0 2 0 2 0 2 0 2 0 2 0)
  (0 0 0 2 0 2 0 2 0 2 0 0)
  (0 0 0 2 0 2 0 2 0 2 0 0)
  (0 0 0 2 0 2 0 2 0 2 0 0)

  -Pecas pequenas: 0
  -Pecas medias: 10
  -Pecas em cruz: 15

  -Profundidade da solucao: 6
  -Heuristica do no objetivo: 8
  -Custo do no-objetivo: 14

  -Nos expandidos: 1466
  -Nos gerados: 4310
  -Tempo de Execucao: 4 segundo(s)
  -Penetrancia: 0.0013921114
  -Fator de Ramificacao: 3.8362618
----------------------------------------------------------------------------------
----------------------------------------------------------------------------------

  (1 0 1 0 2 2 0 0 2 0 2)
  (0 1 0 1 2 2 0 2 2 2 0)
  (1 0 1 2 1 0 2 0 2 0 2)
  (0 2 2 1 0 2 2 2 0 2 2)
  (0 2 2 0 1 0 2 0 2 0 2)
  (0 1 0 1 0 0 0 2 2 2 0)
  (1 1 1 0 0 0 2 0 2 0 2)
  (0 1 0 0 0 2 2 2 0 2 2)
  (0 0 0 0 2 0 2 0 2 0 2)
  (0 0 0 2 2 2 0 2 2 2 0)

  -Pecas pequenas: 0
  -Pecas medias: 10
  -Pecas em cruz: 14

  -Profundidade da solucao: 7
  -Heuristica do no objetivo: 0
  -Custo do no-objetivo: 7

  -Nos expandidos: 32
  -Nos gerados: 176
  -Tempo de Execucao: 0 segundo(s)
  -Penetrancia: 0.039772727
  -Fator de Ramificacao: 1.8814507
----------------------------------------------------------------------------------
----------------------------------------------------------------------------------

  (1 0 0 0 2 2 0 0 2 0 2)
  (0 1 0 0 2 2 0 2 2 2 0)
  (0 0 1 2 1 0 2 0 2 0 2)
  (0 2 2 1 0 2 2 2 0 2 2)
  (0 2 2 0 1 0 2 0 2 0 2)
  (0 1 0 1 0 0 0 2 2 2 0)
  (0 0 1 0 0 0 2 0 2 0 2)
  (0 1 0 0 0 2 2 2 0 2 2)
  (0 0 0 0 2 0 2 0 2 0 2)
  (0 0 0 2 2 2 0 2 2 2 0)

  -Pecas pequenas: 0
  -Pecas medias: 10
  -Pecas em cruz: 15

  -Profundidade da solucao: 6
  -Heuristica do no objetivo: -2
  -Custo do no-objetivo: 4

  -Nos expandidos: 1293
  -Nos gerados: 3511
  -Tempo de Execucao: 1 segundo(s)
  -Penetrancia: 0.0017089149
  -Fator de Ramificacao: 3.6993218
----------------------------------------------------------------------------------
----------------------------------------------------------------------------------

  (1 0 1 0 2 2 0 0 2 0)
  (0 1 0 1 2 2 0 2 2 2)
  (1 0 1 2 1 0 2 0 2 0)
  (0 2 2 1 0 2 2 2 0 2)
  (0 2 2 0 1 0 2 0 2 0)
  (0 1 0 1 0 0 0 2 2 2)
  (1 1 1 0 0 0 2 0 2 0)
  (0 1 0 0 0 2 2 2 0 2)
  (0 0 0 0 2 0 2 0 2 0)
  (0 0 0 2 2 2 0 2 2 2)
  (0 0 2 0 2 0 2 0 2 0)
  (0 2 2 2 0 2 2 2 0 2)
  (0 0 2 0 2 0 2 0 2 0)
  (0 0 0 2 0 2 0 2 0 2)
  (0 0 0 2 0 2 0 2 0 2)
  (0 0 0 2 0 2 0 2 0 2)
  (0 0 0 2 0 2 0 2 0 2)
  (0 0 0 2 0 2 0 2 0 2)
  (0 0 0 2 0 2 0 2 0 2)
  (0 0 0 2 0 2 0 2 0 2)

  -Pecas pequenas: 0
  -Pecas medias: 10
  -Pecas em cruz: 14

  -Profundidade da solucao: 7
  -Heuristica do no objetivo: 0
  -Custo do no-objetivo: 7

  -Nos expandidos: 25
  -Nos gerados: 147
  -Tempo de Execucao: 0 segundo(s)
  -Penetrancia: 0.04761905
  -Fator de Ramificacao: 1.8251152
----------------------------------------------------------------------------------
----------------------------------------------------------------------------------

  (1 0 0 0 2 2 0 0 2 0)
  (0 1 0 0 2 2 0 2 2 2)
  (0 0 1 2 1 0 2 0 2 0)
  (0 2 2 1 0 2 2 2 0 2)
  (0 2 2 0 1 0 2 0 2 0)
  (0 1 0 1 0 0 0 2 2 2)
  (0 0 1 0 0 0 2 0 2 0)
  (0 1 0 0 0 2 2 2 0 2)
  (0 0 0 0 2 0 2 0 2 0)
  (0 0 0 2 2 2 0 2 2 2)
  (0 0 2 0 2 0 2 0 2 0)
  (0 2 2 2 0 2 2 2 0 2)
  (0 0 2 0 2 0 2 0 2 0)
  (0 0 0 2 0 2 0 2 0 2)
  (0 0 0 2 0 2 0 2 0 2)
  (0 0 0 2 0 2 0 2 0 2)
  (0 0 0 2 0 2 0 2 0 2)
  (0 0 0 2 0 2 0 2 0 2)
  (0 0 0 2 0 2 0 2 0 2)
  (0 0 0 2 0 2 0 2 0 2)

  -Pecas pequenas: 0
  -Pecas medias: 10
  -Pecas em cruz: 15

  -Profundidade da solucao: 6
  -Heuristica do no objetivo: 16
  -Custo do no-objetivo: 22

  -Nos expandidos: 1466
  -Nos gerados: 4310
  -Tempo de Execucao: 3 segundo(s)
  -Penetrancia: 0.0013921114
  -Fator de Ramificacao: 3.8362618
----------------------------------------------------------------------------------
----------------------------------------------------------------------------------

  (0 0 0 0 2 2 0 0 2 0 2 0 2 0)
  (0 0 0 0 2 2 0 2 2 2 0 2 2 2)
  (0 0 0 2 0 0 2 0 2 0 2 0 2 0)
  (0 2 2 0 0 2 2 2 0 2 2 2 0 2)
  (0 2 2 0 2 0 2 0 2 0 2 0 2 0)
  (0 0 0 2 2 2 0 2 2 2 0 2 2 2)
  (0 2 2 0 2 0 2 0 2 0 2 0 2 0)
  (0 2 2 0 0 2 2 2 0 2 2 2 0 2)
  (0 0 0 0 2 0 2 0 2 0 2 0 2 0)
  (0 0 0 2 2 2 0 2 2 2 0 2 2 2)
  (0 1 2 1 2 1 2 0 2 0 2 0 2 0)
  (1 2 2 2 1 2 2 2 0 2 2 2 0 0)
  (0 1 2 1 2 0 2 0 2 0 2 0 2 2)
  (1 0 1 2 1 2 0 2 0 2 0 0 2 2)

  -Pecas pequenas: 0
  -Pecas medias: 10
  -Pecas em cruz: 15

  -Profundidade da solucao: 1
  -Heuristica do no objetivo: 0
  -Custo do no-objetivo: 1

  -Nos expandidos: 1
  -Nos gerados: 8
  -Tempo de Execucao: 0 segundo(s)
  -Penetrancia: 0.125
  -Fator de Ramificacao: 8.000011
----------------------------------------------------------------------------------
----------------------------------------------------------------------------------

  (1 0 1 0 2 2 0 0 2 0)
  (0 1 0 1 2 2 0 2 2 2)
  (1 0 1 2 1 0 2 0 2 0)
  (0 2 2 1 0 2 2 2 0 2)
  (0 2 2 0 1 0 2 0 2 0)
  (0 1 0 1 0 0 0 2 2 2)
  (1 1 1 0 0 0 2 0 2 0)
  (0 1 0 0 0 2 2 2 0 2)
  (0 0 0 0 2 0 2 0 2 0)
  (0 0 0 2 2 2 0 2 2 2)
  (0 0 2 0 2 0 2 0 2 0)
  (0 2 2 2 0 2 2 2 0 2)
  (0 0 2 0 2 0 2 0 2 0)
  (0 0 0 2 0 2 0 2 0 2)
  (0 0 0 2 0 2 0 2 0 2)
  (0 0 0 2 0 2 0 2 0 2)
  (0 0 0 2 0 2 0 2 0 2)
  (0 0 0 2 0 2 0 2 0 2)
  (0 0 0 2 0 2 0 2 0 2)
  (0 0 0 2 0 2 0 2 0 2)

  -Pecas pequenas: 0
  -Pecas medias: 10
  -Pecas em cruz: 14

  -Profundidade da solucao: 7
  -Heuristica do no objetivo: 0
  -Custo do no-objetivo: 7

  -Nos expandidos: 25
  -Nos gerados: 147
  -Tempo de Execucao: 0 segundo(s)
  -Penetrancia: 0.04761905
  -Fator de Ramificacao: 1.8251152
----------------------------------------------------------------------------------
----------------------------------------------------------------------------------

  (1 0 0 0 2 2 0 0 2 0)
  (0 1 0 0 2 2 0 2 2 2)
  (0 0 1 2 0 0 2 0 2 0)
  (0 2 2 1 0 2 2 2 0 2)
  (1 2 2 0 1 0 2 0 2 0)
  (0 1 0 1 1 1 0 2 2 2)
  (1 0 1 0 1 0 2 0 2 0)
  (0 1 1 1 0 2 2 2 0 2)
  (1 0 1 0 2 0 2 0 2 0)
  (0 1 0 2 2 2 0 2 2 2)
  (1 0 2 0 2 0 2 0 2 0)
  (0 2 2 2 0 2 2 2 0 2)
  (0 0 2 0 2 0 2 0 2 0)
  (0 0 0 2 0 2 0 2 0 2)
  (0 0 0 2 0 2 0 2 0 2)
  (0 0 0 2 0 2 0 2 0 2)
  (0 0 0 2 0 2 0 2 0 2)
  (0 0 0 2 0 2 0 2 0 2)
  (0 0 0 2 0 2 0 2 0 2)
  (0 0 0 2 0 2 0 2 0 2)

  -Pecas pequenas: 0
  -Pecas medias: 10
  -Pecas em cruz: 13

  -Profundidade da solucao: 8
  -Heuristica do no objetivo: -4
  -Custo do no-objetivo: 4

  -Nos expandidos: 8
  -Nos gerados: 60
  -Tempo de Execucao: 1 segundo(s)
  -Penetrancia: 0.13333334
  -Fator de Ramificacao: 1.4510002
----------------------------------------------------------------------------------
----------------------------------------------------------------------------------
