
  (1 1 0 0 0 0 0 0 0 0 0 0 0 0)
  (1 1 0 0 0 0 0 0 0 0 0 0 0 0)
  (0 0 0 0 0 0 0 0 0 0 0 0 0 0)
  (0 0 0 0 0 0 0 0 0 0 0 0 0 0)
  (0 0 0 0 0 0 0 0 0 0 0 0 0 0)
  (0 0 0 0 0 0 0 0 0 0 0 0 0 0)
  (0 0 0 0 0 0 0 0 0 0 0 0 0 0)
  (0 0 0 0 0 0 0 0 0 0 0 0 0 0)
  (0 0 0 0 0 0 0 0 0 0 0 0 0 0)
  (0 0 0 0 0 0 0 0 0 0 0 0 0 0)
  (0 0 0 0 0 0 0 0 0 0 0 0 0 0)
  (0 0 0 0 0 0 0 0 0 0 0 0 0 0)
  (0 0 0 0 0 0 0 0 0 0 0 0 0 0)
  (0 0 0 0 0 0 0 0 0 0 0 0 0 0)

  -Jogador que fez a jogada: Jogador 1
  -Pecas Jogador 1: (10 9 15) | Pecas Jogador 2: (10 10 15)

  -Nos analisados: 39
  -Cortes Alfa: 2
  -Cortes Beta: 6

---------------------------------------------------------------------------------------------

  (1 1 0 0 0 0 0 0 0 0 0 0 0 0)
  (1 1 0 0 0 0 0 0 0 0 0 0 0 0)
  (0 0 0 0 0 0 0 0 0 0 0 0 0 0)
  (0 0 0 0 0 0 0 0 0 0 0 0 0 0)
  (0 0 0 0 0 0 0 0 0 0 0 0 0 0)
  (0 0 0 0 0 0 0 0 0 0 0 0 0 0)
  (0 0 0 0 0 0 0 0 0 0 0 0 0 0)
  (0 0 0 0 0 0 0 0 0 0 0 0 0 0)
  (0 0 0 0 0 0 0 0 0 0 0 0 0 0)
  (0 0 0 0 0 0 0 0 0 0 0 0 0 0)
  (0 0 0 0 0 0 0 0 0 0 0 0 0 0)
  (0 0 0 0 0 0 0 0 0 0 0 0 0 0)
  (0 0 0 0 0 0 0 0 0 0 0 0 2 2)
  (0 0 0 0 0 0 0 0 0 0 0 0 2 2)

  -Jogador que fez a jogada: Jogador 2
  -Pecas Jogador 1: (10 9 15) | Pecas Jogador 2: (10 9 15)

  -Nos analisados: 147
  -Cortes Alfa: 6
  -Cortes Beta: 6

---------------------------------------------------------------------------------------------

  (1 1 0 0 0 0 0 0 0 0 0 0 0 0)
  (1 1 0 1 0 0 0 0 0 0 0 0 0 0)
  (0 0 1 1 1 0 0 0 0 0 0 0 0 0)
  (0 0 0 1 0 0 0 0 0 0 0 0 0 0)
  (0 0 0 0 0 0 0 0 0 0 0 0 0 0)
  (0 0 0 0 0 0 0 0 0 0 0 0 0 0)
  (0 0 0 0 0 0 0 0 0 0 0 0 0 0)
  (0 0 0 0 0 0 0 0 0 0 0 0 0 0)
  (0 0 0 0 0 0 0 0 0 0 0 0 0 0)
  (0 0 0 0 0 0 0 0 0 0 0 0 0 0)
  (0 0 0 0 0 0 0 0 0 0 0 0 0 0)
  (0 0 0 0 0 0 0 0 0 0 0 0 0 0)
  (0 0 0 0 0 0 0 0 0 0 0 0 2 2)
  (0 0 0 0 0 0 0 0 0 0 0 0 2 2)

  -Jogador que fez a jogada: Jogador 1
  -Pecas Jogador 1: (10 9 14) | Pecas Jogador 2: (10 9 15)

  -Nos analisados: 188
  -Cortes Alfa: 3
  -Cortes Beta: 60

---------------------------------------------------------------------------------------------

  (1 1 0 0 0 0 0 0 0 0 0 0 0 0)
  (1 1 0 1 0 0 0 0 0 0 0 0 0 0)
  (0 0 1 1 1 0 0 0 0 0 0 0 0 0)
  (0 0 0 1 0 0 0 0 0 0 0 0 0 0)
  (0 0 0 0 0 0 0 0 0 0 0 0 0 0)
  (0 0 0 0 0 0 0 0 0 0 0 0 0 0)
  (0 0 0 0 0 0 0 0 0 0 0 0 0 0)
  (0 0 0 0 0 0 0 0 0 0 0 0 0 0)
  (0 0 0 0 0 0 0 0 0 0 0 0 0 0)
  (0 0 0 0 0 0 0 0 0 0 0 0 0 0)
  (0 0 0 0 0 0 0 0 0 0 2 0 0 0)
  (0 0 0 0 0 0 0 0 0 2 2 2 0 0)
  (0 0 0 0 0 0 0 0 0 0 2 0 2 2)
  (0 0 0 0 0 0 0 0 0 0 0 0 2 2)

  -Jogador que fez a jogada: Jogador 2
  -Pecas Jogador 1: (10 9 14) | Pecas Jogador 2: (10 9 14)

  -Nos analisados: 610
  -Cortes Alfa: 18
  -Cortes Beta: 60

---------------------------------------------------------------------------------------------

  (1 1 0 0 0 0 0 0 0 0 0 0 0 0)
  (1 1 0 1 0 0 0 0 0 0 0 0 0 0)
  (0 0 1 1 1 0 0 0 0 0 0 0 0 0)
  (0 1 0 1 0 0 0 0 0 0 0 0 0 0)
  (1 1 1 0 0 0 0 0 0 0 0 0 0 0)
  (0 1 0 0 0 0 0 0 0 0 0 0 0 0)
  (0 0 0 0 0 0 0 0 0 0 0 0 0 0)
  (0 0 0 0 0 0 0 0 0 0 0 0 0 0)
  (0 0 0 0 0 0 0 0 0 0 0 0 0 0)
  (0 0 0 0 0 0 0 0 0 0 0 0 0 0)
  (0 0 0 0 0 0 0 0 0 0 2 0 0 0)
  (0 0 0 0 0 0 0 0 0 2 2 2 0 0)
  (0 0 0 0 0 0 0 0 0 0 2 0 2 2)
  (0 0 0 0 0 0 0 0 0 0 0 0 2 2)

  -Jogador que fez a jogada: Jogador 1
  -Pecas Jogador 1: (10 9 13) | Pecas Jogador 2: (10 9 14)

  -Nos analisados: 856
  -Cortes Alfa: 18
  -Cortes Beta: 172

---------------------------------------------------------------------------------------------

  (1 1 0 0 0 0 0 0 0 0 0 0 0 0)
  (1 1 0 1 0 0 0 0 0 0 0 0 0 0)
  (0 0 1 1 1 0 0 0 0 0 0 0 0 0)
  (0 1 0 1 0 0 0 0 0 0 0 0 0 0)
  (1 1 1 0 0 0 0 0 0 0 0 0 0 0)
  (0 1 0 0 0 0 0 0 0 0 0 0 0 0)
  (0 0 0 0 0 0 0 0 0 0 0 0 0 0)
  (0 0 0 0 0 0 0 0 0 0 0 0 0 0)
  (0 0 0 0 0 0 0 0 0 0 0 0 2 0)
  (0 0 0 0 0 0 0 0 0 0 0 2 2 2)
  (0 0 0 0 0 0 0 0 0 0 2 0 2 0)
  (0 0 0 0 0 0 0 0 0 2 2 2 0 0)
  (0 0 0 0 0 0 0 0 0 0 2 0 2 2)
  (0 0 0 0 0 0 0 0 0 0 0 0 2 2)

  -Jogador que fez a jogada: Jogador 2
  -Pecas Jogador 1: (10 9 13) | Pecas Jogador 2: (10 9 13)

  -Nos analisados: 1148
  -Cortes Alfa: 20
  -Cortes Beta: 273

---------------------------------------------------------------------------------------------

  (1 1 0 0 0 0 0 0 0 0 0 0 0 0)
  (1 1 0 1 0 0 0 0 0 0 0 0 0 0)
  (0 0 1 1 1 0 0 0 0 0 0 0 0 0)
  (0 1 0 1 0 0 0 0 0 0 0 0 0 0)
  (1 1 1 0 0 0 0 0 0 0 0 0 0 0)
  (0 1 0 1 0 0 0 0 0 0 0 0 0 0)
  (0 0 1 1 1 0 0 0 0 0 0 0 0 0)
  (0 0 0 1 0 0 0 0 0 0 0 0 0 0)
  (0 0 0 0 0 0 0 0 0 0 0 0 2 0)
  (0 0 0 0 0 0 0 0 0 0 0 2 2 2)
  (0 0 0 0 0 0 0 0 0 0 2 0 2 0)
  (0 0 0 0 0 0 0 0 0 2 2 2 0 0)
  (0 0 0 0 0 0 0 0 0 0 2 0 2 2)
  (0 0 0 0 0 0 0 0 0 0 0 0 2 2)

  -Jogador que fez a jogada: Jogador 1
  -Pecas Jogador 1: (10 9 12) | Pecas Jogador 2: (10 9 13)

  -Nos analisados: 788
  -Cortes Alfa: 20
  -Cortes Beta: 85

---------------------------------------------------------------------------------------------

  (1 1 0 0 0 0 0 0 0 0 0 0 0 0)
  (1 1 0 1 0 0 0 0 0 0 0 0 0 0)
  (0 0 1 1 1 0 0 0 0 0 0 0 0 0)
  (0 1 0 1 0 0 0 0 0 0 0 0 0 0)
  (1 1 1 0 0 0 0 0 0 0 0 0 0 0)
  (0 1 0 1 0 0 0 0 0 0 0 0 0 0)
  (0 0 1 1 1 0 0 0 0 0 0 0 0 0)
  (0 0 0 1 0 0 0 0 0 0 0 0 0 0)
  (0 0 0 0 0 0 0 0 0 0 0 0 2 0)
  (0 0 0 0 0 0 0 2 0 0 0 2 2 2)
  (0 0 0 0 0 0 2 2 2 0 2 0 2 0)
  (0 0 0 0 0 0 0 2 0 2 2 2 0 0)
  (0 0 0 0 0 0 0 0 0 0 2 0 2 2)
  (0 0 0 0 0 0 0 0 0 0 0 0 2 2)

  -Jogador que fez a jogada: Jogador 2
  -Pecas Jogador 1: (10 9 12) | Pecas Jogador 2: (10 9 12)

  -Nos analisados: 1461
  -Cortes Alfa: 31
  -Cortes Beta: 140

---------------------------------------------------------------------------------------------

  (1 1 0 0 0 0 0 0 0 0 0 0 0 0)
  (1 1 0 1 0 0 0 0 0 0 0 0 0 0)
  (0 0 1 1 1 0 0 0 0 0 0 0 0 0)
  (0 1 0 1 0 0 0 0 0 0 0 0 0 0)
  (1 1 1 0 0 0 0 0 0 0 0 0 0 0)
  (0 1 0 1 0 0 0 0 0 0 0 0 0 0)
  (0 0 1 1 1 0 0 0 0 0 0 0 0 0)
  (0 1 0 1 0 0 0 0 0 0 0 0 0 0)
  (1 1 1 0 0 0 0 0 0 0 0 0 2 0)
  (0 1 0 0 0 0 0 2 0 0 0 2 2 2)
  (0 0 0 0 0 0 2 2 2 0 2 0 2 0)
  (0 0 0 0 0 0 0 2 0 2 2 2 0 0)
  (0 0 0 0 0 0 0 0 0 0 2 0 2 2)
  (0 0 0 0 0 0 0 0 0 0 0 0 2 2)

  -Jogador que fez a jogada: Jogador 1
  -Pecas Jogador 1: (10 9 11) | Pecas Jogador 2: (10 9 12)

  -Nos analisados: 1365
  -Cortes Alfa: 34
  -Cortes Beta: 56

---------------------------------------------------------------------------------------------

  (1 1 0 0 0 0 0 0 0 0 0 0 0 0)
  (1 1 0 1 0 0 0 0 0 0 0 0 0 0)
  (0 0 1 1 1 0 0 0 0 0 0 0 0 0)
  (0 1 0 1 0 0 0 0 0 0 0 0 0 0)
  (1 1 1 0 0 0 0 0 0 0 0 0 0 0)
  (0 1 0 1 0 0 0 0 0 0 0 0 0 0)
  (0 0 1 1 1 0 0 0 0 0 0 0 0 0)
  (0 1 0 1 0 0 0 0 0 0 0 0 0 0)
  (1 1 1 0 0 0 0 0 0 0 0 0 2 0)
  (0 1 0 0 0 0 0 2 0 0 0 2 2 2)
  (0 0 0 0 0 0 2 2 2 0 2 0 2 0)
  (0 0 0 0 0 2 0 2 0 2 2 2 0 0)
  (0 0 0 0 2 2 2 0 0 0 2 0 2 2)
  (0 0 0 0 0 2 0 0 0 0 0 0 2 2)

  -Jogador que fez a jogada: Jogador 2
  -Pecas Jogador 1: (10 9 11) | Pecas Jogador 2: (10 9 11)

  -Nos analisados: 1328
  -Cortes Alfa: 34
  -Cortes Beta: 79

---------------------------------------------------------------------------------------------

  (1 1 0 0 0 0 0 0 0 0 0 0 0 0)
  (1 1 0 1 0 0 0 0 0 0 0 0 0 0)
  (0 0 1 1 1 0 0 0 0 0 0 0 0 0)
  (0 1 0 1 0 0 0 0 0 0 0 0 0 0)
  (1 1 1 0 0 0 0 0 0 0 0 0 0 0)
  (0 1 0 1 0 0 0 0 0 0 0 0 0 0)
  (0 0 1 1 1 0 0 0 0 0 0 0 0 0)
  (0 1 0 1 0 0 0 0 0 0 0 0 0 0)
  (1 1 1 0 0 0 0 0 0 0 0 0 2 0)
  (0 1 0 1 0 0 0 2 0 0 0 2 2 2)
  (0 0 1 1 1 0 2 2 2 0 2 0 2 0)
  (0 0 0 1 0 2 0 2 0 2 2 2 0 0)
  (0 0 0 0 2 2 2 0 0 0 2 0 2 2)
  (0 0 0 0 0 2 0 0 0 0 0 0 2 2)

  -Jogador que fez a jogada: Jogador 1
  -Pecas Jogador 1: (10 9 10) | Pecas Jogador 2: (10 9 11)

  -Nos analisados: 1103
  -Cortes Alfa: 28
  -Cortes Beta: 80

---------------------------------------------------------------------------------------------

  (1 1 0 0 0 0 0 0 0 0 0 0 0 0)
  (1 1 0 1 0 0 0 0 0 0 0 0 0 0)
  (0 0 1 1 1 0 0 0 0 0 0 0 0 0)
  (0 1 0 1 0 0 0 0 0 0 0 0 0 0)
  (1 1 1 0 0 0 0 0 0 0 0 0 0 0)
  (0 1 0 1 0 0 0 0 0 0 0 0 0 0)
  (0 0 1 1 1 0 0 0 0 0 0 0 0 0)
  (0 1 0 1 0 0 0 0 0 2 0 0 0 0)
  (1 1 1 0 0 0 0 0 2 2 2 0 2 0)
  (0 1 0 1 0 0 0 2 0 2 0 2 2 2)
  (0 0 1 1 1 0 2 2 2 0 2 0 2 0)
  (0 0 0 1 0 2 0 2 0 2 2 2 0 0)
  (0 0 0 0 2 2 2 0 0 0 2 0 2 2)
  (0 0 0 0 0 2 0 0 0 0 0 0 2 2)

  -Jogador que fez a jogada: Jogador 2
  -Pecas Jogador 1: (10 9 10) | Pecas Jogador 2: (10 9 10)

  -Nos analisados: 1392
  -Cortes Alfa: 35
  -Cortes Beta: 164

---------------------------------------------------------------------------------------------

  (1 1 0 0 0 0 0 0 0 0 0 0 0 0)
  (1 1 0 1 0 0 0 0 0 0 0 0 0 0)
  (0 0 1 1 1 0 0 0 0 0 0 0 0 0)
  (0 1 0 1 0 0 0 0 0 0 0 0 0 0)
  (1 1 1 0 0 0 0 0 0 0 0 0 0 0)
  (0 1 0 1 0 0 0 0 0 0 0 0 0 0)
  (0 0 1 1 1 0 0 0 0 0 0 0 0 0)
  (0 1 0 1 0 0 0 0 0 2 0 0 0 0)
  (1 1 1 0 0 0 0 0 2 2 2 0 2 0)
  (0 1 0 1 0 0 0 2 0 2 0 2 2 2)
  (0 0 1 1 1 0 2 2 2 0 2 0 2 0)
  (0 1 0 1 0 2 0 2 0 2 2 2 0 0)
  (1 1 1 0 2 2 2 0 0 0 2 0 2 2)
  (0 1 0 0 0 2 0 0 0 0 0 0 2 2)

  -Jogador que fez a jogada: Jogador 1
  -Pecas Jogador 1: (10 9 9) | Pecas Jogador 2: (10 9 10)

  -Nos analisados: 1013
  -Cortes Alfa: 28
  -Cortes Beta: 127

---------------------------------------------------------------------------------------------

  (1 1 0 0 0 0 0 0 0 0 0 0 0 0)
  (1 1 0 1 0 0 0 0 0 0 0 0 0 0)
  (0 0 1 1 1 0 0 0 0 0 0 0 0 0)
  (0 1 0 1 0 0 0 0 0 0 0 0 0 0)
  (1 1 1 0 0 0 0 0 0 0 0 0 0 0)
  (0 1 0 1 0 0 0 0 0 0 0 0 0 0)
  (0 0 1 1 1 0 0 0 0 0 0 0 0 0)
  (0 1 0 1 0 2 0 0 0 2 0 0 0 0)
  (1 1 1 0 2 2 2 0 2 2 2 0 2 0)
  (0 1 0 1 0 2 0 2 0 2 0 2 2 2)
  (0 0 1 1 1 0 2 2 2 0 2 0 2 0)
  (0 1 0 1 0 2 0 2 0 2 2 2 0 0)
  (1 1 1 0 2 2 2 0 0 0 2 0 2 2)
  (0 1 0 0 0 2 0 0 0 0 0 0 2 2)

  -Jogador que fez a jogada: Jogador 2
  -Pecas Jogador 1: (10 9 9) | Pecas Jogador 2: (10 9 9)

  -Nos analisados: 1092
  -Cortes Alfa: 20
  -Cortes Beta: 291

---------------------------------------------------------------------------------------------

  (1 1 0 0 0 0 0 0 0 0 0 0 0 0)
  (1 1 0 1 0 0 0 0 0 0 0 0 0 0)
  (0 0 1 1 1 0 0 0 0 0 0 0 0 0)
  (0 1 0 1 0 0 0 0 0 0 0 0 0 0)
  (1 1 1 0 0 0 1 0 0 0 0 0 0 0)
  (0 1 0 1 0 1 1 1 0 0 0 0 0 0)
  (0 0 1 1 1 0 1 0 0 0 0 0 0 0)
  (0 1 0 1 0 2 0 0 0 2 0 0 0 0)
  (1 1 1 0 2 2 2 0 2 2 2 0 2 0)
  (0 1 0 1 0 2 0 2 0 2 0 2 2 2)
  (0 0 1 1 1 0 2 2 2 0 2 0 2 0)
  (0 1 0 1 0 2 0 2 0 2 2 2 0 0)
  (1 1 1 0 2 2 2 0 0 0 2 0 2 2)
  (0 1 0 0 0 2 0 0 0 0 0 0 2 2)

  -Jogador que fez a jogada: Jogador 1
  -Pecas Jogador 1: (10 9 8) | Pecas Jogador 2: (10 9 9)

  -Nos analisados: 617
  -Cortes Alfa: 16
  -Cortes Beta: 148

---------------------------------------------------------------------------------------------

  (1 1 0 0 0 0 0 0 0 0 0 0 0 0)
  (1 1 0 1 0 0 0 0 0 0 0 0 0 0)
  (0 0 1 1 1 0 0 0 0 0 0 0 0 0)
  (0 1 0 1 0 0 0 0 0 0 0 0 0 0)
  (1 1 1 0 0 0 1 0 0 0 0 0 0 0)
  (0 1 0 1 0 1 1 1 0 0 0 2 0 0)
  (0 0 1 1 1 0 1 0 0 0 2 2 2 0)
  (0 1 0 1 0 2 0 0 0 2 0 2 0 0)
  (1 1 1 0 2 2 2 0 2 2 2 0 2 0)
  (0 1 0 1 0 2 0 2 0 2 0 2 2 2)
  (0 0 1 1 1 0 2 2 2 0 2 0 2 0)
  (0 1 0 1 0 2 0 2 0 2 2 2 0 0)
  (1 1 1 0 2 2 2 0 0 0 2 0 2 2)
  (0 1 0 0 0 2 0 0 0 0 0 0 2 2)

  -Jogador que fez a jogada: Jogador 2
  -Pecas Jogador 1: (10 9 8) | Pecas Jogador 2: (10 9 8)

  -Nos analisados: 1029
  -Cortes Alfa: 23
  -Cortes Beta: 243

---------------------------------------------------------------------------------------------

  (1 1 0 0 0 0 0 0 0 0 0 0 0 0)
  (1 1 0 1 0 0 0 0 0 0 0 0 0 0)
  (0 0 1 1 1 0 0 0 0 0 0 0 0 0)
  (0 1 0 1 0 0 0 0 0 1 0 0 0 0)
  (1 1 1 0 0 0 1 0 1 1 1 0 0 0)
  (0 1 0 1 0 1 1 1 0 1 0 2 0 0)
  (0 0 1 1 1 0 1 0 0 0 2 2 2 0)
  (0 1 0 1 0 2 0 0 0 2 0 2 0 0)
  (1 1 1 0 2 2 2 0 2 2 2 0 2 0)
  (0 1 0 1 0 2 0 2 0 2 0 2 2 2)
  (0 0 1 1 1 0 2 2 2 0 2 0 2 0)
  (0 1 0 1 0 2 0 2 0 2 2 2 0 0)
  (1 1 1 0 2 2 2 0 0 0 2 0 2 2)
  (0 1 0 0 0 2 0 0 0 0 0 0 2 2)

  -Jogador que fez a jogada: Jogador 1
  -Pecas Jogador 1: (10 9 7) | Pecas Jogador 2: (10 9 8)

  -Nos analisados: 721
  -Cortes Alfa: 13
  -Cortes Beta: 260

---------------------------------------------------------------------------------------------

  (1 1 0 0 0 0 0 0 0 0 0 0 0 0)
  (1 1 0 1 0 0 0 0 0 0 0 0 0 0)
  (0 0 1 1 1 0 0 0 0 0 0 0 2 0)
  (0 1 0 1 0 0 0 0 0 1 0 2 2 2)
  (1 1 1 0 0 0 1 0 1 1 1 0 2 0)
  (0 1 0 1 0 1 1 1 0 1 0 2 0 0)
  (0 0 1 1 1 0 1 0 0 0 2 2 2 0)
  (0 1 0 1 0 2 0 0 0 2 0 2 0 0)
  (1 1 1 0 2 2 2 0 2 2 2 0 2 0)
  (0 1 0 1 0 2 0 2 0 2 0 2 2 2)
  (0 0 1 1 1 0 2 2 2 0 2 0 2 0)
  (0 1 0 1 0 2 0 2 0 2 2 2 0 0)
  (1 1 1 0 2 2 2 0 0 0 2 0 2 2)
  (0 1 0 0 0 2 0 0 0 0 0 0 2 2)

  -Jogador que fez a jogada: Jogador 2
  -Pecas Jogador 1: (10 9 7) | Pecas Jogador 2: (10 9 7)

  -Nos analisados: 1101
  -Cortes Alfa: 25
  -Cortes Beta: 193

---------------------------------------------------------------------------------------------

  (1 1 0 0 0 0 0 0 0 0 1 0 0 0)
  (1 1 0 1 0 0 0 0 0 1 1 1 0 0)
  (0 0 1 1 1 0 0 0 0 0 1 0 2 0)
  (0 1 0 1 0 0 0 0 0 1 0 2 2 2)
  (1 1 1 0 0 0 1 0 1 1 1 0 2 0)
  (0 1 0 1 0 1 1 1 0 1 0 2 0 0)
  (0 0 1 1 1 0 1 0 0 0 2 2 2 0)
  (0 1 0 1 0 2 0 0 0 2 0 2 0 0)
  (1 1 1 0 2 2 2 0 2 2 2 0 2 0)
  (0 1 0 1 0 2 0 2 0 2 0 2 2 2)
  (0 0 1 1 1 0 2 2 2 0 2 0 2 0)
  (0 1 0 1 0 2 0 2 0 2 2 2 0 0)
  (1 1 1 0 2 2 2 0 0 0 2 0 2 2)
  (0 1 0 0 0 2 0 0 0 0 0 0 2 2)

  -Jogador que fez a jogada: Jogador 1
  -Pecas Jogador 1: (10 9 6) | Pecas Jogador 2: (10 9 7)

  -Nos analisados: 974
  -Cortes Alfa: 30
  -Cortes Beta: 237

---------------------------------------------------------------------------------------------

  (1 1 0 0 0 0 0 0 0 0 1 0 0 0)
  (1 1 0 1 0 0 0 0 0 1 1 1 0 0)
  (0 0 1 1 1 0 0 0 0 0 1 0 2 0)
  (0 1 0 1 0 0 0 0 0 1 0 2 2 2)
  (1 1 1 0 0 0 1 0 1 1 1 0 2 0)
  (0 1 0 1 0 1 1 1 0 1 0 2 0 0)
  (0 0 1 1 1 0 1 0 0 0 2 2 2 0)
  (0 1 0 1 0 2 0 0 0 2 0 2 0 0)
  (1 1 1 0 2 2 2 0 2 2 2 0 2 0)
  (0 1 0 1 0 2 0 2 0 2 0 2 2 2)
  (0 0 1 1 1 0 2 2 2 0 2 0 2 0)
  (0 1 0 1 0 2 0 2 0 2 2 2 0 0)
  (1 1 1 0 2 2 2 0 0 0 2 0 2 2)
  (0 1 0 0 0 2 0 0 0 2 0 0 2 2)

  -Jogador que fez a jogada: Jogador 2
  -Pecas Jogador 1: (10 9 6) | Pecas Jogador 2: (9 9 7)

  -Nos analisados: 1073
  -Cortes Alfa: 26
  -Cortes Beta: 169

---------------------------------------------------------------------------------------------

  (1 1 0 0 0 0 0 0 0 0 1 0 0 0)
  (1 1 0 1 0 0 0 1 0 1 1 1 0 0)
  (0 0 1 1 1 0 1 1 1 0 1 0 2 0)
  (0 1 0 1 0 0 0 1 0 1 0 2 2 2)
  (1 1 1 0 0 0 1 0 1 1 1 0 2 0)
  (0 1 0 1 0 1 1 1 0 1 0 2 0 0)
  (0 0 1 1 1 0 1 0 0 0 2 2 2 0)
  (0 1 0 1 0 2 0 0 0 2 0 2 0 0)
  (1 1 1 0 2 2 2 0 2 2 2 0 2 0)
  (0 1 0 1 0 2 0 2 0 2 0 2 2 2)
  (0 0 1 1 1 0 2 2 2 0 2 0 2 0)
  (0 1 0 1 0 2 0 2 0 2 2 2 0 0)
  (1 1 1 0 2 2 2 0 0 0 2 0 2 2)
  (0 1 0 0 0 2 0 0 0 2 0 0 2 2)

  -Jogador que fez a jogada: Jogador 1
  -Pecas Jogador 1: (10 9 5) | Pecas Jogador 2: (9 9 7)

  -Nos analisados: 1192
  -Cortes Alfa: 12
  -Cortes Beta: 507

---------------------------------------------------------------------------------------------

  (1 1 0 0 0 0 0 0 0 0 1 0 0 0)
  (1 1 0 1 0 0 0 1 0 1 1 1 0 0)
  (0 0 1 1 1 0 1 1 1 0 1 0 2 0)
  (0 1 0 1 0 0 0 1 0 1 0 2 2 2)
  (1 1 1 0 0 0 1 0 1 1 1 0 2 0)
  (0 1 0 1 0 1 1 1 0 1 0 2 0 0)
  (0 0 1 1 1 0 1 0 0 0 2 2 2 0)
  (0 1 0 1 0 2 0 0 0 2 0 2 0 0)
  (1 1 1 0 2 2 2 0 2 2 2 0 2 0)
  (0 1 0 1 0 2 0 2 0 2 0 2 2 2)
  (0 0 1 1 1 0 2 2 2 0 2 0 2 0)
  (0 1 0 1 0 2 0 2 0 2 2 2 0 0)
  (1 1 1 0 2 2 2 0 2 0 2 0 2 2)
  (0 1 0 0 0 2 0 0 0 2 0 0 2 2)

  -Jogador que fez a jogada: Jogador 2
  -Pecas Jogador 1: (10 9 5) | Pecas Jogador 2: (8 9 7)

  -Nos analisados: 760
  -Cortes Alfa: 20
  -Cortes Beta: 151

---------------------------------------------------------------------------------------------

  (1 1 0 0 0 0 0 0 0 0 1 0 0 0)
  (1 1 0 1 0 0 0 1 0 1 1 1 0 0)
  (0 0 1 1 1 0 1 1 1 0 1 0 2 0)
  (0 1 0 1 0 0 0 1 0 1 0 2 2 2)
  (1 1 1 0 0 0 1 0 1 1 1 0 2 0)
  (0 1 0 1 0 1 1 1 0 1 0 2 0 0)
  (0 0 1 1 1 0 1 0 0 0 2 2 2 0)
  (0 1 0 1 0 2 0 0 0 2 0 2 0 0)
  (1 1 1 0 2 2 2 0 2 2 2 0 2 0)
  (0 1 0 1 0 2 0 2 0 2 0 2 2 2)
  (0 0 1 1 1 0 2 2 2 0 2 0 2 0)
  (0 1 0 1 0 2 0 2 0 2 2 2 0 0)
  (1 1 1 0 2 2 2 0 2 0 2 0 2 2)
  (0 1 0 1 0 2 0 0 0 2 0 0 2 2)

  -Jogador que fez a jogada: Jogador 1
  -Pecas Jogador 1: (9 9 5) | Pecas Jogador 2: (8 9 7)

  -Nos analisados: 974
  -Cortes Alfa: 9
  -Cortes Beta: 433

---------------------------------------------------------------------------------------------

  (1 1 0 0 0 0 0 0 0 0 1 0 0 0)
  (1 1 0 1 0 0 0 1 0 1 1 1 0 0)
  (0 0 1 1 1 0 1 1 1 0 1 0 2 0)
  (0 1 0 1 0 0 0 1 0 1 0 2 2 2)
  (1 1 1 0 0 0 1 0 1 1 1 0 2 0)
  (0 1 0 1 0 1 1 1 0 1 0 2 0 0)
  (0 0 1 1 1 0 1 0 0 0 2 2 2 0)
  (0 1 0 1 0 2 0 0 0 2 0 2 0 0)
  (1 1 1 0 2 2 2 0 2 2 2 0 2 0)
  (0 1 0 1 0 2 0 2 0 2 0 2 2 2)
  (0 0 1 1 1 0 2 2 2 0 2 0 2 0)
  (0 1 0 1 0 2 0 2 0 2 2 2 0 0)
  (1 1 1 0 2 2 2 0 2 0 2 0 2 2)
  (0 1 0 1 0 2 0 2 0 2 0 0 2 2)

  -Jogador que fez a jogada: Jogador 2
  -Pecas Jogador 1: (9 9 5) | Pecas Jogador 2: (7 9 7)

  -Nos analisados: 604
  -Cortes Alfa: 19
  -Cortes Beta: 94

---------------------------------------------------------------------------------------------

  (1 1 0 0 0 0 0 0 0 0 1 0 0 0)
  (1 1 0 1 0 0 0 1 0 1 1 1 0 0)
  (0 0 1 1 1 0 1 1 1 0 1 0 2 0)
  (0 1 0 1 0 0 0 1 0 1 0 2 2 2)
  (1 1 1 0 0 0 1 0 1 1 1 0 2 0)
  (0 1 0 1 0 1 1 1 0 1 0 2 0 0)
  (0 0 1 1 1 0 1 0 0 0 2 2 2 0)
  (0 1 0 1 0 2 0 0 0 2 0 2 0 0)
  (1 1 1 0 2 2 2 0 2 2 2 0 2 0)
  (0 1 0 1 0 2 0 2 0 2 0 2 2 2)
  (1 0 1 1 1 0 2 2 2 0 2 0 2 0)
  (0 1 0 1 0 2 0 2 0 2 2 2 0 0)
  (1 1 1 0 2 2 2 0 2 0 2 0 2 2)
  (0 1 0 1 0 2 0 2 0 2 0 0 2 2)

  -Jogador que fez a jogada: Jogador 1
  -Pecas Jogador 1: (8 9 5) | Pecas Jogador 2: (7 9 7)

  -Nos analisados: 856
  -Cortes Alfa: 7
  -Cortes Beta: 392

---------------------------------------------------------------------------------------------

  (1 1 0 0 0 0 0 0 0 0 1 0 0 0)
  (1 1 0 1 0 0 0 1 0 1 1 1 0 0)
  (0 0 1 1 1 0 1 1 1 0 1 0 2 0)
  (0 1 0 1 0 0 0 1 0 1 0 2 2 2)
  (1 1 1 0 0 0 1 0 1 1 1 0 2 0)
  (0 1 0 1 0 1 1 1 0 1 0 2 0 0)
  (0 0 1 1 1 0 1 0 0 0 2 2 2 0)
  (0 1 0 1 0 2 0 0 0 2 0 2 0 2)
  (1 1 1 0 2 2 2 0 2 2 2 0 2 0)
  (0 1 0 1 0 2 0 2 0 2 0 2 2 2)
  (1 0 1 1 1 0 2 2 2 0 2 0 2 0)
  (0 1 0 1 0 2 0 2 0 2 2 2 0 0)
  (1 1 1 0 2 2 2 0 2 0 2 0 2 2)
  (0 1 0 1 0 2 0 2 0 2 0 0 2 2)

  -Jogador que fez a jogada: Jogador 2
  -Pecas Jogador 1: (8 9 5) | Pecas Jogador 2: (6 9 7)

  -Nos analisados: 438
  -Cortes Alfa: 17
  -Cortes Beta: 60

---------------------------------------------------------------------------------------------

  (1 1 0 0 0 0 0 0 0 0 1 0 0 0)
  (1 1 0 1 0 0 0 1 0 1 1 1 0 0)
  (0 0 1 1 1 0 1 1 1 0 1 0 2 0)
  (0 1 0 1 0 0 0 1 0 1 0 2 2 2)
  (1 1 1 0 0 0 1 0 1 1 1 0 2 0)
  (0 1 0 1 0 1 1 1 0 1 0 2 0 0)
  (1 0 1 1 1 0 1 0 0 0 2 2 2 0)
  (0 1 0 1 0 2 0 0 0 2 0 2 0 2)
  (1 1 1 0 2 2 2 0 2 2 2 0 2 0)
  (0 1 0 1 0 2 0 2 0 2 0 2 2 2)
  (1 0 1 1 1 0 2 2 2 0 2 0 2 0)
  (0 1 0 1 0 2 0 2 0 2 2 2 0 0)
  (1 1 1 0 2 2 2 0 2 0 2 0 2 2)
  (0 1 0 1 0 2 0 2 0 2 0 0 2 2)

  -Jogador que fez a jogada: Jogador 1
  -Pecas Jogador 1: (7 9 5) | Pecas Jogador 2: (6 9 7)

  -Nos analisados: 623
  -Cortes Alfa: 5
  -Cortes Beta: 296

---------------------------------------------------------------------------------------------

  (1 1 0 0 0 0 0 0 0 0 1 0 0 0)
  (1 1 0 1 0 0 0 1 0 1 1 1 0 0)
  (0 0 1 1 1 0 1 1 1 0 1 0 2 0)
  (0 1 0 1 0 0 0 1 0 1 0 2 2 2)
  (1 1 1 0 0 0 1 0 1 1 1 0 2 0)
  (0 1 0 1 0 1 1 1 0 1 0 2 0 0)
  (1 0 1 1 1 0 1 0 0 0 2 2 2 0)
  (0 1 0 1 0 2 0 2 0 2 0 2 0 2)
  (1 1 1 0 2 2 2 0 2 2 2 0 2 0)
  (0 1 0 1 0 2 0 2 0 2 0 2 2 2)
  (1 0 1 1 1 0 2 2 2 0 2 0 2 0)
  (0 1 0 1 0 2 0 2 0 2 2 2 0 0)
  (1 1 1 0 2 2 2 0 2 0 2 0 2 2)
  (0 1 0 1 0 2 0 2 0 2 0 0 2 2)

  -Jogador que fez a jogada: Jogador 2
  -Pecas Jogador 1: (7 9 5) | Pecas Jogador 2: (5 9 7)

  -Nos analisados: 253
  -Cortes Alfa: 14
  -Cortes Beta: 21

---------------------------------------------------------------------------------------------

  (1 1 0 0 0 0 0 0 0 0 1 0 0 0)
  (1 1 0 1 0 0 0 1 0 1 1 1 0 0)
  (0 0 1 1 1 0 1 1 1 0 1 0 2 0)
  (0 1 0 1 0 0 0 1 0 1 0 2 2 2)
  (1 1 1 0 0 0 1 0 1 1 1 0 2 0)
  (0 1 0 1 0 1 1 1 0 1 0 2 0 0)
  (1 0 1 1 1 0 1 0 1 0 2 2 2 0)
  (0 1 0 1 0 2 0 2 0 2 0 2 0 2)
  (1 1 1 0 2 2 2 0 2 2 2 0 2 0)
  (0 1 0 1 0 2 0 2 0 2 0 2 2 2)
  (1 0 1 1 1 0 2 2 2 0 2 0 2 0)
  (0 1 0 1 0 2 0 2 0 2 2 2 0 0)
  (1 1 1 0 2 2 2 0 2 0 2 0 2 2)
  (0 1 0 1 0 2 0 2 0 2 0 0 2 2)

  -Jogador que fez a jogada: Jogador 1
  -Pecas Jogador 1: (6 9 5) | Pecas Jogador 2: (5 9 7)

  -Nos analisados: 397
  -Cortes Alfa: 2
  -Cortes Beta: 192

---------------------------------------------------------------------------------------------

  (1 1 0 0 0 0 0 0 0 0 1 0 0 0)
  (1 1 0 1 0 0 0 1 0 1 1 1 0 0)
  (0 0 1 1 1 0 1 1 1 0 1 0 2 0)
  (0 1 0 1 0 0 0 1 0 1 0 2 2 2)
  (1 1 1 0 0 0 1 0 1 1 1 0 2 0)
  (0 1 0 1 0 1 1 1 0 1 0 2 0 2)
  (1 0 1 1 1 0 1 0 1 0 2 2 2 0)
  (0 1 0 1 0 2 0 2 0 2 0 2 0 2)
  (1 1 1 0 2 2 2 0 2 2 2 0 2 0)
  (0 1 0 1 0 2 0 2 0 2 0 2 2 2)
  (1 0 1 1 1 0 2 2 2 0 2 0 2 0)
  (0 1 0 1 0 2 0 2 0 2 2 2 0 0)
  (1 1 1 0 2 2 2 0 2 0 2 0 2 2)
  (0 1 0 1 0 2 0 2 0 2 0 0 2 2)

  -Jogador que fez a jogada: Jogador 2
  -Pecas Jogador 1: (6 9 5) | Pecas Jogador 2: (4 9 7)

  -Nos analisados: 192
  -Cortes Alfa: 12
  -Cortes Beta: 6

---------------------------------------------------------------------------------------------

  (1 1 0 0 0 0 0 0 0 0 1 0 0 0)
  (1 1 0 1 0 0 0 1 0 1 1 1 0 0)
  (0 0 1 1 1 0 1 1 1 0 1 0 2 0)
  (0 1 0 1 0 0 0 1 0 1 0 2 2 2)
  (1 1 1 0 1 0 1 0 1 1 1 0 2 0)
  (0 1 0 1 0 1 1 1 0 1 0 2 0 2)
  (1 0 1 1 1 0 1 0 1 0 2 2 2 0)
  (0 1 0 1 0 2 0 2 0 2 0 2 0 2)
  (1 1 1 0 2 2 2 0 2 2 2 0 2 0)
  (0 1 0 1 0 2 0 2 0 2 0 2 2 2)
  (1 0 1 1 1 0 2 2 2 0 2 0 2 0)
  (0 1 0 1 0 2 0 2 0 2 2 2 0 0)
  (1 1 1 0 2 2 2 0 2 0 2 0 2 2)
  (0 1 0 1 0 2 0 2 0 2 0 0 2 2)

  -Jogador que fez a jogada: Jogador 1
  -Pecas Jogador 1: (5 9 5) | Pecas Jogador 2: (4 9 7)

  -Nos analisados: 307
  -Cortes Alfa: 0
  -Cortes Beta: 139

---------------------------------------------------------------------------------------------

  (1 1 0 0 0 0 0 0 0 0 1 0 0 0)
  (1 1 0 1 0 0 0 1 0 1 1 1 0 2)
  (0 0 1 1 1 0 1 1 1 0 1 0 2 0)
  (0 1 0 1 0 0 0 1 0 1 0 2 2 2)
  (1 1 1 0 1 0 1 0 1 1 1 0 2 0)
  (0 1 0 1 0 1 1 1 0 1 0 2 0 2)
  (1 0 1 1 1 0 1 0 1 0 2 2 2 0)
  (0 1 0 1 0 2 0 2 0 2 0 2 0 2)
  (1 1 1 0 2 2 2 0 2 2 2 0 2 0)
  (0 1 0 1 0 2 0 2 0 2 0 2 2 2)
  (1 0 1 1 1 0 2 2 2 0 2 0 2 0)
  (0 1 0 1 0 2 0 2 0 2 2 2 0 0)
  (1 1 1 0 2 2 2 0 2 0 2 0 2 2)
  (0 1 0 1 0 2 0 2 0 2 0 0 2 2)

  -Jogador que fez a jogada: Jogador 2
  -Pecas Jogador 1: (5 9 5) | Pecas Jogador 2: (3 9 7)

  -Nos analisados: 103
  -Cortes Alfa: 9
  -Cortes Beta: 0

---------------------------------------------------------------------------------------------

  (1 1 0 0 0 0 0 0 0 0 1 0 0 0)
  (1 1 0 1 0 0 0 1 0 1 1 1 0 2)
  (0 0 1 1 1 0 1 1 1 0 1 0 2 0)
  (0 1 0 1 0 1 0 1 0 1 0 2 2 2)
  (1 1 1 0 1 0 1 0 1 1 1 0 2 0)
  (0 1 0 1 0 1 1 1 0 1 0 2 0 2)
  (1 0 1 1 1 0 1 0 1 0 2 2 2 0)
  (0 1 0 1 0 2 0 2 0 2 0 2 0 2)
  (1 1 1 0 2 2 2 0 2 2 2 0 2 0)
  (0 1 0 1 0 2 0 2 0 2 0 2 2 2)
  (1 0 1 1 1 0 2 2 2 0 2 0 2 0)
  (0 1 0 1 0 2 0 2 0 2 2 2 0 0)
  (1 1 1 0 2 2 2 0 2 0 2 0 2 2)
  (0 1 0 1 0 2 0 2 0 2 0 0 2 2)

  -Jogador que fez a jogada: Jogador 1
  -Pecas Jogador 1: (4 9 5) | Pecas Jogador 2: (3 9 7)

  -Nos analisados: 102
  -Cortes Alfa: 0
  -Cortes Beta: 9

---------------------------------------------------------------------------------------------

  (1 1 0 0 0 0 0 0 0 0 1 0 2 0)
  (1 1 0 1 0 0 0 1 0 1 1 1 0 2)
  (0 0 1 1 1 0 1 1 1 0 1 0 2 0)
  (0 1 0 1 0 1 0 1 0 1 0 2 2 2)
  (1 1 1 0 1 0 1 0 1 1 1 0 2 0)
  (0 1 0 1 0 1 1 1 0 1 0 2 0 2)
  (1 0 1 1 1 0 1 0 1 0 2 2 2 0)
  (0 1 0 1 0 2 0 2 0 2 0 2 0 2)
  (1 1 1 0 2 2 2 0 2 2 2 0 2 0)
  (0 1 0 1 0 2 0 2 0 2 0 2 2 2)
  (1 0 1 1 1 0 2 2 2 0 2 0 2 0)
  (0 1 0 1 0 2 0 2 0 2 2 2 0 0)
  (1 1 1 0 2 2 2 0 2 0 2 0 2 2)
  (0 1 0 1 0 2 0 2 0 2 0 0 2 2)

  -Jogador que fez a jogada: Jogador 2
  -Pecas Jogador 1: (4 9 5) | Pecas Jogador 2: (2 9 7)

  -Nos analisados: 8
  -Cortes Alfa: 0
  -Cortes Beta: 0

---------------------------------------------------------------------------------------------

  (1 1 0 0 0 0 0 0 0 0 1 0 2 0)
  (1 1 0 1 0 1 0 1 0 1 1 1 0 2)
  (0 0 1 1 1 0 1 1 1 0 1 0 2 0)
  (0 1 0 1 0 1 0 1 0 1 0 2 2 2)
  (1 1 1 0 1 0 1 0 1 1 1 0 2 0)
  (0 1 0 1 0 1 1 1 0 1 0 2 0 2)
  (1 0 1 1 1 0 1 0 1 0 2 2 2 0)
  (0 1 0 1 0 2 0 2 0 2 0 2 0 2)
  (1 1 1 0 2 2 2 0 2 2 2 0 2 0)
  (0 1 0 1 0 2 0 2 0 2 0 2 2 2)
  (1 0 1 1 1 0 2 2 2 0 2 0 2 0)
  (0 1 0 1 0 2 0 2 0 2 2 2 0 0)
  (1 1 1 0 2 2 2 0 2 0 2 0 2 2)
  (0 1 0 1 0 2 0 2 0 2 0 0 2 2)

  -Jogador que fez a jogada: Jogador 1
  -Pecas Jogador 1: (3 9 5) | Pecas Jogador 2: (2 9 7)

  -Nos analisados: 7
  -Cortes Alfa: 0
  -Cortes Beta: 0

---------------------------------------------------------------------------------------------

  (1 1 0 0 0 0 0 0 1 0 1 0 2 0)
  (1 1 0 1 0 1 0 1 0 1 1 1 0 2)
  (0 0 1 1 1 0 1 1 1 0 1 0 2 0)
  (0 1 0 1 0 1 0 1 0 1 0 2 2 2)
  (1 1 1 0 1 0 1 0 1 1 1 0 2 0)
  (0 1 0 1 0 1 1 1 0 1 0 2 0 2)
  (1 0 1 1 1 0 1 0 1 0 2 2 2 0)
  (0 1 0 1 0 2 0 2 0 2 0 2 0 2)
  (1 1 1 0 2 2 2 0 2 2 2 0 2 0)
  (0 1 0 1 0 2 0 2 0 2 0 2 2 2)
  (1 0 1 1 1 0 2 2 2 0 2 0 2 0)
  (0 1 0 1 0 2 0 2 0 2 2 2 0 0)
  (1 1 1 0 2 2 2 0 2 0 2 0 2 2)
  (0 1 0 1 0 2 0 2 0 2 0 0 2 2)

  -Jogador que fez a jogada: Jogador 1
  -Pecas Jogador 1: (2 9 5) | Pecas Jogador 2: (2 9 7)

  -Nos analisados: 7
  -Cortes Alfa: 0
  -Cortes Beta: 0

---------------------------------------------------------------------------------------------

  (1 1 0 0 0 0 1 0 1 0 1 0 2 0)
  (1 1 0 1 0 1 0 1 0 1 1 1 0 2)
  (0 0 1 1 1 0 1 1 1 0 1 0 2 0)
  (0 1 0 1 0 1 0 1 0 1 0 2 2 2)
  (1 1 1 0 1 0 1 0 1 1 1 0 2 0)
  (0 1 0 1 0 1 1 1 0 1 0 2 0 2)
  (1 0 1 1 1 0 1 0 1 0 2 2 2 0)
  (0 1 0 1 0 2 0 2 0 2 0 2 0 2)
  (1 1 1 0 2 2 2 0 2 2 2 0 2 0)
  (0 1 0 1 0 2 0 2 0 2 0 2 2 2)
  (1 0 1 1 1 0 2 2 2 0 2 0 2 0)
  (0 1 0 1 0 2 0 2 0 2 2 2 0 0)
  (1 1 1 0 2 2 2 0 2 0 2 0 2 2)
  (0 1 0 1 0 2 0 2 0 2 0 0 2 2)

  -Jogador que fez a jogada: Jogador 1
  -Pecas Jogador 1: (1 9 5) | Pecas Jogador 2: (2 9 7)

  -Nos analisados: 5
  -Cortes Alfa: 0
  -Cortes Beta: 0

---------------------------------------------------------------------------------------------

  (1 1 0 0 1 0 1 0 1 0 1 0 2 0)
  (1 1 0 1 0 1 0 1 0 1 1 1 0 2)
  (0 0 1 1 1 0 1 1 1 0 1 0 2 0)
  (0 1 0 1 0 1 0 1 0 1 0 2 2 2)
  (1 1 1 0 1 0 1 0 1 1 1 0 2 0)
  (0 1 0 1 0 1 1 1 0 1 0 2 0 2)
  (1 0 1 1 1 0 1 0 1 0 2 2 2 0)
  (0 1 0 1 0 2 0 2 0 2 0 2 0 2)
  (1 1 1 0 2 2 2 0 2 2 2 0 2 0)
  (0 1 0 1 0 2 0 2 0 2 0 2 2 2)
  (1 0 1 1 1 0 2 2 2 0 2 0 2 0)
  (0 1 0 1 0 2 0 2 0 2 2 2 0 0)
  (1 1 1 0 2 2 2 0 2 0 2 0 2 2)
  (0 1 0 1 0 2 0 2 0 2 0 0 2 2)

  -Jogador que fez a jogada: Jogador 1
  -Pecas Jogador 1: (0 9 5) | Pecas Jogador 2: (2 9 7)

  -Nos analisados: 3
  -Cortes Alfa: 0
  -Cortes Beta: 0

---------------------------------------------------------------------------------------------


  -Vencedor: Jogador 1!


---------------------------------------FIM DO JOGO------------------------------------------
