(0 0 0 0 0 0 0 0 0 0 0 0 0 0)
(0 0 0 0 0 0 0 0 0 0 0 0 0 0)
(0 0 0 0 0 0 0 0 0 0 0 0 0 0)
(0 0 0 0 0 0 0 0 0 0 0 0 0 0)
(0 0 0 0 0 0 0 0 0 0 0 0 0 0)
(0 0 0 0 0 0 0 0 0 0 0 0 0 0)
(0 0 0 0 0 0 0 0 0 0 0 0 0 0)
(0 0 0 0 0 0 0 0 0 0 0 0 0 0)
(0 0 0 0 0 0 0 0 0 0 0 0 0 0)
(0 0 0 0 0 0 0 0 0 0 0 0 0 0)
(0 0 0 0 0 0 0 0 0 0 0 0 0 0)
(0 0 0 0 0 0 0 0 0 0 0 0 0 0)
(0 0 0 0 0 0 0 0 0 0 0 0 0 0)
(0 0 0 0 0 0 0 0 0 0 0 0 0 0)
break
(0 0 0 0 0 0 0 0 0 0 0)
(0 0 0 0 0 0 0 0 0 0 0)
(0 0 0 0 0 0 0 0 0 0 0)
(0 0 0 0 0 0 0 0 0 0 0)
(0 0 0 0 0 0 0 0 0 0 0)
(0 0 0 0 0 0 0 0 0 0 0)
(0 0 0 0 0 0 0 0 0 0 0)
(0 0 0 0 0 0 0 0 0 0 0)
(0 0 0 0 0 0 0 0 0 0 0)
(0 0 0 0 0 0 0 0 0 0 0)
break
(0 0 0 0 0 0 0 0 0 0) 
(0 0 0 0 0 0 0 0 0 0)
(0 0 0 0 0 0 0 0 0 0)
(0 0 0 0 0 0 0 0 0 0)
(0 0 0 0 0 0 0 0 0 0) 
(0 0 0 0 0 0 0 0 0 0) 
(0 0 0 0 0 0 0 0 0 0) 
(0 0 0 0 0 0 0 0 0 0) 
(0 0 0 0 0 0 0 0 0 0) 
(0 0 0 0 0 0 0 0 0 0) 
(0 0 0 0 0 0 0 0 0 0)
(0 0 0 0 0 0 0 0 0 0)
(0 0 0 0 0 0 0 0 0 0)
(0 0 0 0 0 0 0 0 0 0)
(0 0 0 0 0 0 0 0 0 0) 
(0 0 0 0 0 0 0 0 0 0) 
(0 0 0 0 0 0 0 0 0 0) 
(0 0 0 0 0 0 0 0 0 0) 
(0 0 0 0 0 0 0 0 0 0) 
(0 0 0 0 0 0 0 0 0 0)
break
(0 0 0 0 2 2 0 0 2 0 2 0 2 0)
(0 0 0 0 2 2 0 2 2 2 0 2 2 2)
(0 0 0 2 0 0 2 0 2 0 2 0 2 0)
(0 2 2 0 0 2 2 2 0 2 2 2 0 2)
(0 2 2 0 2 0 2 0 2 0 2 0 2 0)
(0 0 0 2 2 2 0 2 2 2 0 2 2 2)
(0 2 2 0 2 0 2 0 2 0 2 0 2 0)
(0 2 2 0 0 2 2 2 0 2 2 2 0 2)
(0 0 0 0 2 0 2 0 2 0 2 0 2 0)
(0 0 0 2 2 2 0 2 2 2 0 2 2 2)
(0 0 2 1 2 1 2 0 2 0 2 0 2 0)
(1 2 2 2 1 2 2 2 0 2 2 2 0 0)
(0 1 2 1 2 0 2 0 2 0 2 0 2 2)
(1 0 1 2 1 2 0 2 0 2 0 0 2 2)
break
(0 0 0 0 2 2 0 0 2 0 2 0 2 0)
(0 0 0 0 2 2 0 2 2 2 0 2 2 2)
(0 0 0 2 0 0 2 0 2 0 2 0 2 0)
(0 2 2 0 0 2 2 2 0 2 2 2 0 2)
(0 2 2 0 2 0 2 0 2 0 2 0 2 0)
(0 0 0 0 2 2 0 2 2 2 0 2 2 2)
(0 0 0 0 2 0 2 0 2 0 2 0 2 0)
(0 0 0 0 0 2 2 2 0 2 2 2 0 2)
(0 0 0 0 2 0 2 0 2 0 2 0 2 0)
(0 0 0 2 2 2 0 2 2 2 0 2 2 2)
(0 0 2 1 2 1 2 0 2 0 2 0 2 0)
(1 2 2 2 1 2 2 2 0 2 2 2 0 0)
(0 1 2 1 2 0 2 0 2 0 2 0 2 2)
(1 0 1 2 1 2 0 2 0 2 0 0 2 2)
break
(0 0 0 0 2 2 0 0 2 0 2 0 2 0)
(0 0 0 0 2 2 0 2 2 2 0 2 2 2)
(0 0 0 2 0 0 2 0 2 0 2 0 2 0)
(0 2 2 0 0 2 2 2 0 2 2 2 0 2)
(0 2 2 0 0 0 2 0 2 0 2 0 2 0)
(0 0 0 0 0 0 0 2 2 2 0 2 2 2)
(0 0 0 0 0 0 2 0 2 0 2 0 2 0)
(0 0 0 0 0 2 2 2 0 2 2 2 0 2)
(0 0 0 0 2 0 2 0 2 0 2 0 2 0)
(0 0 0 2 2 2 0 2 2 2 0 2 2 2)
(0 0 2 1 2 1 2 0 2 0 2 0 2 0)
(1 2 2 2 1 2 2 2 0 2 2 2 0 0)
(0 1 2 1 2 0 2 0 2 0 2 0 2 2)
(1 0 1 2 1 2 0 2 0 2 0 0 2 2)
break
(0 2 2 0 2 2 0 0 2 0 2 0 0 0)
(0 2 2 0 2 2 0 2 2 2 0 0 0 0)
(0 0 0 2 0 0 2 0 2 0 0 0 0 0)
(0 2 2 0 0 2 2 2 0 0 0 0 0 0)
(0 2 2 0 2 0 2 0 0 0 0 0 0 0)
(0 0 0 2 2 2 0 0 0 0 0 1 0 0)
(0 2 2 0 2 0 2 0 0 0 0 0 1 0)
(0 2 2 0 0 2 2 2 0 0 0 0 0 1)
(0 0 0 0 2 0 2 0 0 0 0 0 1 0)
(0 0 0 2 2 2 0 0 0 0 0 0 0 1)
(0 0 2 0 2 0 2 0 0 0 0 0 1 0)
(0 2 2 2 0 2 2 2 0 0 0 0 0 1)
(0 0 2 0 2 0 2 0 2 0 0 0 1 0)
(0 0 0 2 0 2 0 2 0 2 0 1 0 1)
break
(0 2 0 0 2 2 0 0 2 0 0 0 2 2)
(2 2 2 0 2 2 0 2 2 2 0 0 2 2)
(0 2 0 2 0 0 2 0 2 0 2 2 0 0)
(0 0 2 2 2 0 0 0 0 0 2 2 0 0)
(2 2 0 2 0 2 0 0 0 0 0 0 0 0)
(2 2 0 0 2 2 2 0 0 0 0 0 0 0)
(0 0 2 0 0 2 0 0 0 0 0 0 0 0)
(0 2 2 2 0 0 2 0 2 0 0 0 2 0)
(0 0 2 0 0 0 0 2 2 2 0 2 2 2)
(0 2 0 2 0 0 0 0 2 0 2 0 2 0)
(0 0 2 2 2 0 0 0 0 2 2 2 0 0)
(0 2 0 2 0 2 0 0 0 0 2 0 0 0)
(2 2 2 0 2 2 2 0 0 0 0 0 0 0)
(0 2 0 0 0 2 0 0 0 0 0 0 0 0)
break
(0 0 0 0 0 0 0 0 0 0 0 0 2 2)
(0 0 0 0 0 0 0 0 0 0 0 0 2 2)
(0 0 0 0 0 0 0 0 0 0 2 2 0 0)
(0 0 0 0 0 0 0 0 0 0 2 2 0 0)
(0 0 0 0 2 2 0 0 2 2 0 0 0 0)
(0 0 0 0 2 2 0 0 2 2 0 0 0 0)
(0 0 0 0 0 0 2 2 0 0 0 0 0 0)
(0 0 0 0 0 0 2 2 0 0 0 0 0 0)
(0 0 0 0 2 2 0 0 2 2 0 0 0 0)
(0 0 0 0 2 2 0 0 2 2 0 0 0 0)
(0 0 2 2 0 0 0 0 0 0 0 0 0 0)
(0 0 2 2 0 0 0 0 0 0 0 0 0 0)
(2 2 0 0 0 0 0 0 0 0 0 0 0 0)
(2 2 0 0 0 0 0 0 0 0 0 0 0 0)
end











